100
4 2
5 2
6 2
1000 1000
1000 1
987289 853116
1 1
1000000 127
2 2
3 1
614375 581630
583230 572490
999999 128
789792 781253
630189 575025
676978 590652
1000000 327715
512188 408958
500000 499999
500000 131072
500000 127
500000 250000
622301 529309
857009 746849
285458 252903
306852 240026
470899 375263
1000000 2
500000 249999
500000 262144
818742 788587
500000 262143
500000 131071
701675 615099
500000 237856
775297 654738
999999 2
284730 259279
1000000 1000000
999999 476265
891680 786547
3 2
673015 551448
1000000 499999
500000 1
999999 499999
999999 262144
1000000 499998
454750 350092
472000 436914
5 1
515959 469314
4 1
999999 999998
999999 499998
500000 247602
999999 448485
999999 999999
694496 675828
1000000 999999
1000000 509012
1000000 524287
584711 567019
465034 418161
2 1
500000 500000
599285 574718
999999 524287
451638 444380
1000000 262143
999999 475711
810888 752241
599752 475479
1000000 500000
500000 2
999999 262143
1000000 475713
999999 524288
784075 767834
626686 589137
1000000 128
1000000 1
1000000 524288
999999 499997
999999 475712
500000 128
739193 686486
891849 723724
641945 506243
500000 212577
808983 699817
1000000 262144
500000 249998
500000 237857
1000000 475712
454766 375289
999999 127
951411 798045
847287 678556
999999 1
