1000
51 46 69
67 14 93
25 61 69
72 69 8
68 13 87
43 97 35
39 62 18
1 12 64
29 42 62
26 54 1
56 87 92
98 96 13
98 83 39
8 31 78
82 87 30
63 75 34
33 70 76
65 69 32
12 88 91
84 5 4
100 27 67
56 44 57
86 82 81
38 36 53
10 33 21
31 46 91
53 5 47
30 64 33
24 1 68
90 69 64
80 33 25
36 60 91
96 46 9
25 69 7
28 100 1
17 75 28
60 68 69
66 26 38
81 40 43
91 48 60
13 55 55
15 29 66
34 67 6
4 87 25
37 59 59
0 92 67
0 99 43
85 16 71
74 35 91
82 98 10
91 65 22
49 18 95
55 3 20
55 98 32
49 34 10
8 90 85
63 43 23
40 9 35
0 54 4
46 100 56
18 28 91
35 43 32
27 61 19
19 80 12
71 86 34
79 70 92
63 97 5
10 67 92
11 60 98
56 61 7
22 88 73
15 40 98
62 57 13
21 99 3
72 53 57
43 41 16
67 3 26
73 93 3
25 76 48
84 40 70
17 89 70
68 88 5
40 31 94
70 29 55
78 28 15
33 55 85
28 75 45
100 47 93
93 24 72
85 70 9
17 73 94
3 98 22
55 71 19
0 57 27
7 84 22
5 77 3
4 57 29
21 57 20
52 22 97
31 9 89
58 20 22
34 10 100
77 65 16
95 92 84
38 55 3
62 17 79
49 73 97
100 91 18
81 53 85
17 42 4
8 47 90
78 28 94
47 92 81
95 95 17
25 40 82
71 28 4
79 74 13
46 83 61
53 48 96
40 79 88
85 84 21
81 64 70
88 45 37
41 58 27
54 18 72
41 35 64
41 88 72
79 6 30
38 91 22
82 94 57
18 18 95
75 83 75
4 84 60
53 92 12
43 86 20
83 83 38
57 38 52
83 41 63
0 55 55
67 58 20
73 67 79
79 13 6
16 88 96
95 59 36
43 99 74
53 6 61
85 2 99
95 61 13
66 43 12
23 7 57
28 95 81
88 58 41
83 56 97
92 4 28
21 26 87
80 65 25
3 53 40
22 20 89
86 7 52
90 37 82
52 58 41
12 72 83
56 91 37
32 38 20
61 12 61
14 58 26
78 31 43
46 13 67
9 67 98
22 34 52
34 15 71
53 86 23
44 71 96
15 27 85
85 67 94
84 32 46
25 18 17
49 47 74
26 20 90
29 94 95
47 88 38
42 33 100
35 57 4
84 74 99
78 13 34
11 99 88
79 40 83
50 42 68
28 14 70
83 21 71
52 79 95
41 26 27
96 95 29
6 97 77
68 82 88
38 20 36
85 12 5
63 53 74
39 81 80
69 77 100
68 45 5
25 43 87
91 86 32
59 75 32
98 38 32
91 63 31
38 8 35
71 28 11
55 48 15
49 37 81
27 97 67
84 70 75
79 31 94
37 87 64
100 91 42
1 23 57
24 64 84
80 46 30
91 88 3
33 39 73
59 46 2
31 47 82
25 68 86
32 46 61
94 7 87
56 43 8
7 21 17
45 3 87
4 99 54
49 97 30
33 29 79
35 22 38
8 13 21
29 71 99
5 19 45
13 21 19
43 81 99
57 98 14
83 27 46
23 66 83
8 88 1
16 66 92
13 47 81
76 23 47
67 60 11
96 44 13
26 57 61
87 37 36
23 21 97
49 42 78
45 24 7
79 6 20
31 40 41
77 46 98
15 87 67
80 70 89
15 19 12
4 25 17
38 2 57
21 89 97
16 46 80
84 30 23
52 23 15
9 3 8
58 16 65
12 33 57
21 28 21
60 5 38
65 77 76
100 68 14
75 71 84
55 84 13
84 18 41
89 11 13
28 53 36
31 57 62
35 62 33
60 52 78
38 6 39
97 58 73
97 24 78
93 6 84
38 87 35
23 76 96
54 72 3
30 74 67
61 87 41
14 10 10
98 6 75
20 46 39
52 69 42
17 36 76
71 76 48
29 21 13
4 1 83
91 24 30
5 85 97
57 52 31
21 60 67
16 81 80
94 30 5
57 14 13
12 65 66
91 96 80
1 22 6
84 98 55
78 92 39
43 48 99
25 2 9
70 88 73
10 33 33
55 71 46
14 84 31
69 62 92
87 15 84
90 63 36
76 85 40
2 47 93
22 61 99
96 97 9
14 63 94
19 78 93
64 25 83
87 22 56
88 17 100
63 74 95
21 80 63
24 66 29
95 24 55
100 63 3
3 89 85
66 15 25
25 65 34
18 66 28
57 27 68
98 4 46
36 54 38
98 80 87
31 3 8
23 58 58
82 28 71
61 56 2
6 54 76
74 73 98
31 37 19
84 90 1
34 14 7
55 99 81
79 69 11
29 16 45
100 66 7
44 95 98
33 58 9
69 3 81
15 73 20
100 89 96
59 82 94
47 68 48
81 45 30
10 5 43
23 24 41
9 10 84
67 54 42
14 81 78
37 13 100
75 53 41
66 90 100
59 83 100
2 64 93
34 85 73
57 92 78
13 62 69
29 37 5
26 7 46
86 89 75
98 87 25
61 11 97
72 68 30
6 54 76
75 46 17
15 70 53
7 72 10
99 99 99
76 84 67
41 97 68
41 87 80
6 53 79
62 59 95
74 98 45
1 87 71
30 5 25
45 54 78
12 85 59
69 39 59
46 69 58
6 33 77
77 89 75
24 57 38
99 10 38
52 44 12
13 63 44
56 92 59
97 88 98
64 85 30
85 9 98
51 82 15
1 87 21
67 5 11
2 77 57
82 47 46
32 94 82
65 46 89
100 18 7
69 96 28
42 73 40
9 77 77
5 100 52
70 35 40
51 52 94
21 53 4
52 71 98
47 71 80
35 64 17
74 32 14
65 91 93
28 13 37
85 33 65
19 71 93
31 86 25
18 95 60
10 34 81
49 86 5
30 9 85
28 11 21
22 97 31
37 87 8
47 1 94
70 25 2
84 58 56
92 38 94
71 35 27
51 57 31
6 37 12
80 5 56
43 82 18
7 38 80
3 31 48
8 64 34
75 33 74
52 60 75
80 78 67
60 4 61
79 4 33
28 16 5
57 28 81
30 61 23
82 65 54
1 54 73
55 4 97
93 5 46
13 69 20
89 80 48
68 94 26
46 13 17
56 48 75
96 33 27
42 58 87
54 98 4
84 63 8
77 31 9
91 77 4
98 23 27
73 94 6
68 76 65
17 79 13
25 23 43
62 18 5
34 29 37
4 95 82
98 22 42
75 23 60
87 78 17
97 70 4
17 6 40
19 38 41
93 8 68
60 81 83
64 70 73
47 88 70
51 61 55
85 7 21
52 33 14
67 67 62
13 64 55
23 74 80
70 16 5
94 41 86
31 83 25
75 9 23
48 59 23
61 30 32
61 55 7
13 78 5
20 14 88
59 43 87
23 35 44
28 9 52
26 92 27
59 89 41
58 18 38
4 17 11
91 61 19
12 100 82
100 74 54
13 98 74
22 45 39
81 38 96
44 60 67
66 92 12
47 27 41
94 24 53
96 28 17
91 77 63
46 74 16
74 77 38
77 91 2
45 12 15
96 55 72
70 100 38
32 77 66
86 33 83
90 98 72
25 17 18
57 87 8
95 85 81
78 84 95
57 10 21
67 53 15
94 75 65
45 58 69
19 32 19
15 14 85
86 23 47
94 29 22
10 33 56
7 95 21
98 55 70
84 79 64
56 6 32
89 48 41
66 19 66
35 16 42
46 60 37
34 29 29
53 90 67
86 92 88
37 92 57
51 9 46
28 2 36
30 25 5
6 56 93
23 89 93
41 12 92
30 5 55
93 28 75
61 85 22
26 91 40
91 2 82
100 66 13
67 48 15
22 15 99
77 83 32
91 74 34
99 62 71
37 21 1
40 87 59
17 52 13
2 32 95
81 3 94
54 7 5
54 28 35
39 5 87
97 40 88
12 25 45
95 44 79
28 95 98
21 84 62
30 65 81
51 37 95
1 55 20
3 83 27
100 39 9
14 98 61
43 72 63
42 33 8
16 48 34
77 67 94
58 12 24
69 91 72
84 98 25
35 35 60
55 47 53
97 14 17
1 74 53
18 75 3
70 72 24
88 17 98
30 41 28
89 48 39
17 55 29
25 74 22
67 45 84
2 67 55
41 5 75
34 27 91
100 84 31
73 4 82
44 31 91
58 58 81
95 22 15
49 11 58
17 37 79
54 73 68
50 22 39
99 60 89
50 65 61
79 100 64
7 25 48
91 5 25
9 78 90
18 89 10
56 22 38
11 10 80
92 40 17
99 61 22
11 69 57
23 68 11
91 86 25
95 11 94
3 19 75
66 96 69
54 13 86
73 29 39
10 86 69
79 67 41
97 7 12
57 66 7
42 65 78
18 22 25
2 100 54
38 31 43
88 7 40
44 65 58
83 77 15
24 81 77
66 20 11
63 38 11
50 66 61
86 25 64
47 25 9
13 99 9
83 81 21
21 17 22
90 16 86
61 71 58
82 93 96
59 30 79
41 48 10
28 89 30
43 54 4
61 6 25
36 17 39
13 42 34
63 93 100
12 9 17
65 81 74
74 83 52
11 72 92
82 24 95
38 92 85
44 35 57
67 1 56
37 33 85
52 27 3
74 3 72
43 47 33
34 92 25
22 75 38
23 17 75
20 41 6
74 24 4
43 24 79
48 39 20
14 65 87
24 100 35
94 30 67
100 9 27
4 90 64
22 14 70
74 86 67
97 37 34
83 89 31
21 61 42
57 59 38
59 8 29
27 39 58
62 17 11
54 93 10
75 18 61
30 29 57
36 61 83
23 100 5
45 39 5
25 93 2
79 26 26
33 6 28
38 15 17
44 26 6
52 27 39
33 84 61
87 20 40
76 5 76
91 35 47
14 89 2
75 12 4
75 69 6
24 84 57
90 77 46
7 62 58
56 82 23
88 56 9
46 60 87
79 87 63
6 90 7
5 47 9
36 41 40
7 79 5
77 23 24
12 8 16
90 14 81
6 12 13
10 38 38
82 86 16
17 81 100
37 3 58
75 91 13
12 55 55
93 73 82
20 18 1
5 34 58
68 23 92
55 94 27
35 9 73
52 37 89
91 63 85
79 12 10
31 10 68
72 36 27
27 65 77
21 1 14
48 69 67
51 72 5
99 77 4
99 95 91
78 3 72
57 75 18
50 45 96
57 85 91
96 31 25
59 30 95
54 31 99
29 2 60
39 94 64
30 83 16
19 32 69
75 52 73
52 39 2
51 7 31
34 21 80
67 45 63
74 27 60
70 87 37
35 97 48
60 98 27
56 57 34
11 5 82
56 56 52
56 80 4
59 31 96
2 21 41
97 40 45
51 34 61
82 2 69
78 100 69
64 96 55
59 22 76
5 47 66
81 64 71
70 91 100
76 82 99
53 61 85
82 79 96
50 82 26
72 17 12
99 8 69
16 11 38
73 9 85
0 32 79
43 9 84
59 75 48
40 76 92
75 97 59
87 40 57
17 46 54
11 45 87
42 7 15
52 68 7
55 2 71
90 78 19
42 35 78
100 6 31
81 13 32
22 89 58
100 1 1
75 36 52
45 19 56
67 60 99
65 88 97
99 26 64
8 20 80
18 13 17
82 42 37
50 27 13
45 94 28
16 93 89
66 68 37
100 17 30
63 42 23
8 92 17
40 47 81
80 22 42
16 58 27
83 88 33
96 10 58
87 21 91
77 75 53
15 81 62
15 48 19
85 73 70
67 10 77
7 84 93
16 58 42
69 96 3
20 39 43
1 13 64
97 44 60
99 97 98
27 69 53
43 82 22
82 45 77
14 33 90
55 68 37
52 90 42
67 94 53
28 43 83
96 74 56
72 15 93
23 5 33
30 57 67
20 56 69
85 93 63
80 74 70
7 52 70
82 47 30
30 60 84
47 2 34
70 42 40
54 84 33
100 28 10
6 45 79
19 90 69
25 63 58
76 27 10
50 78 61
94 11 37
42 25 39
35 8 16
79 88 11
75 2 67
8 34 45
31 9 91
93 79 38
97 16 13
7 29 86
90 70 34
2 9 3
88 64 68
2 48 25
1 7 59
39 43 22
95 52 21
90 48 65
63 73 6
72 82 11
25 47 39
56 30 6
16 66 96
51 32 31
82 35 76
8 2 87
13 45 52
81 88 84
65 70 12
14 12 58
10 22 55
84 90 42
4 47 5
42 91 58
4 45 66
9 76 39
54 12 86
73 91 41
99 3 95
94 54 91
95 11 94
99 70 27
5 36 8
13 17 1
66 69 9
76 45 72
38 18 100
38 68 94
10 72 100
80 53 38
92 55 47
48 16 37
42 62 90
73 66 59
6 26 84
4 92 13
38 27 52
17 43 82
99 92 60
37 54 52
45 62 57
93 91 57
14 36 81
85 73 67
0 33 60
37 26 33
90 24 63
15 74 4
77 83 58
99 91 5
33 18 17
81 69 83
95 20 58
100 23 20
87 63 13
55 58 79
20 73 83
82 70 56
34 59 57
53 85 73
32 15 55
88 5 55
54 86 32
86 22 44
85 68 41
91 10 57
96 80 66
84 69 3
63 90 6
54 28 31
81 4 75
6 57 10
95 62 96
94 30 1
8 58 1
100 84 72
55 65 61
50 58 100
80 2 41
55 37 9
75 68 11
97 48 53
53 3 4
62 46 8
79 7 62
61 18 70
96 23 79
68 85 59
75 30 25
0 27 62
78 12 41
36 64 15
36 98 30
57 58 89
74 86 76
58 90 100
