100
6 2060425
2 001
6 1220101
6 7149193
2 437
6 0006001
6 0060001
6 1202211
6 0000801
6 0500001
6 0004001
6 0104001
1 81
1 01
0 4
1 01
3 0001
6 5000092
6 7599849
0 6
6 1111111
6 9008001
6 7930657
2 221
6 0020021
3 8501
0 1
1 81
0 2
6 2012212
0 1
1 01
6 0000079
5 120211
6 0000001
6 0000001
0 1
6 0002051
6 5400001
4 00001
4 11111
3 7661
4 01002
6 8000801
6 1020001
1 09
6 5290781
6 0000001
6 2010144
6 9999999
2 401
6 0000001
6 1600008
1 41
6 1122222
6 3690008
6 4060001
4 00042
6 2012011
6 5257041
6 2087001
6 1890201
6 8544931
6 1122111
6 8006005
6 2090001
6 2242995
6 2100212
6 1201121
6 1884181
6 7602001
6 8300021
6 0120201
6 1355825
1 01
5 110011
6 1100212
6 0233081
6 5984783
6 1122201
6 9400001
6 3050001
6 0000001
1 61
1 94
2 151
2 041
5 000001
0 1
1 22
0 1
3 9011
1 21
4 11111
4 00601
6 8075001
2 001
3 2112
1 15
6 0000001
